{
  "asset": {
    "version": "2.0",
    "generator": "GLTFExporter"
  },
  "scenes": [
    {
      "name": "AuxScene",
      "nodes": [
        46
      ]
    }
  ],
  "scene": 0,
  "nodes": [
    {
      "rotation": [
        -0.7071068387877039,
        0,
        0,
        0.7071067235853865
      ],
      "translation": [
        0.05442798137664795,
        100.50220489501953,
        0.6994903087615967
      ],
      "scale": [
        100,
        99.99999999999999,
        99.99999999999999
      ],
      "name": "Body",
      "extras": {
        "transformData": {
          "inheritType": 1,
          "eulerOrder": "ZYX",
          "translation": [
            0.05442798137664795,
            100.50220489501953,
            0.6994903087615967
          ],
          "rotation": [
            -90.00000933466734,
            0,
            0
          ],
          "scale": [
            100,
            100,
            100
          ],
          "parentMatrixWorld": {
            "elements": [
              1,
              0,
              0,
              0,
              0,
              1,
              0,
              0,
              0,
              0,
              1,
              0,
              -0.05442798137664795,
              36.93094604199793,
              7.724751285875275,
              1
            ]
          }
        }
      },
      "mesh": 0,
      "skin": 0
    },
    {
      "rotation": [
        0.7071067235853864,
        0,
        0,
        0.7071068387877039
      ],
      "translation": [
        -6.566276550292969,
        159.8107147216797,
        18.733217239379883
      ],
      "scale": [
        -9.741552352905273,
        3.777477264404297,
        15.557485580444334
      ],
      "name": "HairBobFull",
      "extras": {
        "transformData": {
          "inheritType": 1,
          "eulerOrder": "ZYX",
          "translation": [
            -6.566276550292969,
            159.8107147216797,
            18.733217239379883
          ],
          "rotation": [
            -90.00000933466734,
            0,
            0
          ],
          "scale": [
            -9.741552352905273,
            -3.777477264404297,
            -15.557485580444336
          ],
          "parentMatrixWorld": {
            "elements": [
              1,
              0,
              0,
              0,
              0,
              1,
              0,
              0,
              0,
              0,
              1,
              0,
              -0.05442798137664795,
              36.93094604199793,
              7.724751285875275,
              1
            ]
          }
        }
      },
      "mesh": 1,
      "skin": 1
    },
    {
      "rotation": [
        -0.7071068387877039,
        0,
        0,
        0.7071067235853865
      ],
      "translation": [
        0,
        140.73593139648438,
        -3.1298999786376953
      ],
      "scale": [
        100,
        99.99999999999999,
        99.99999999999999
      ],
      "name": "Head_lowRes",
      "extras": {
        "transformData": {
          "inheritType": 1,
          "eulerOrder": "ZYX",
          "translation": [
            0,
            140.73593139648438,
            -3.1298999786376953
          ],
          "rotation": [
            -90.00000933466734,
            0,
            0
          ],
          "scale": [
            100,
            100,
            100
          ],
          "parentMatrixWorld": {
            "elements": [
              1,
              0,
              0,
              0,
              0,
              1,
              0,
              0,
              0,
              0,
              1,
              0,
              -0.05442798137664795,
              36.93094604199793,
              7.724751285875275,
              1
            ]
          }
        }
      },
      "mesh": 2,
      "skin": 2
    },
    {
      "name": "mixamorigSpine2"
    },
    {
      "name": "mixamorigSpine2",
      "children": [
        3
      ]
    },
    {
      "name": "mixamorigNeck"
    },
    {
      "name": "mixamorigNeck",
      "children": [
        5
      ]
    },
    {
      "name": "mixamorigHead"
    },
    {
      "name": "mixamorigHead",
      "children": [
        7
      ]
    },
    {
      "translation": [
        0,
        67.27254486083984,
        10.481815338134766
      ],
      "name": "mixamorigHeadTop_End",
      "extras": {
        "transformData": {
          "eulerOrder": "ZYX",
          "translation": [
            0,
            67.27254486083984,
            10.481815338134766
          ],
          "parentMatrixWorld": {
            "elements": [
              0.9377722798245907,
              -0.02357499824625211,
              -0.34644966232815355,
              0,
              -0.004747982787224733,
              0.9967290146971514,
              -0.08067668689716849,
              0,
              0.34721838333972843,
              0.07730129757604816,
              0.9345929067955463,
              0,
              0,
              8.758659362792969,
              1.3646974563598633,
              1
            ]
          }
        }
      }
    },
    {
      "rotation": [
        -0.04015706143349225,
        0.1763262800017445,
        -0.0047857150407286525,
        0.9835006523999417
      ],
      "translation": [
        0,
        8.758659362792969,
        1.3646974563598633
      ],
      "name": "mixamorigHead",
      "extras": {
        "transformData": {
          "eulerOrder": "ZYX",
          "translation": [
            0,
            8.758659362792969,
            1.3646974563598633
          ],
          "parentMatrixWorld": {
            "elements": [
              0.9997647941091837,
              0.0016897673762518337,
              0.021621774845223325,
              0,
              -0.002480820439671327,
              0.9993264915650931,
              0.03661159365856203,
              0,
              -0.021545347321161614,
              -0.036656622136903246,
              0.9990956360968605,
              0,
              0,
              33.85370851002088,
              -5.163971046329152e-7,
              1
            ]
          }
        }
      },
      "children": [
        8,
        9
      ]
    },
    {
      "rotation": [
        0.01832120661439905,
        -0.01079422714983449,
        0.0010428833328264653,
        0.9997733410457004
      ],
      "translation": [
        0,
        33.85370851002088,
        -5.163971046329152e-7
      ],
      "scale": [
        1,
        0.9999999999999999,
        0.9999999999999999
      ],
      "name": "mixamorigNeck",
      "extras": {
        "transformData": {
          "eulerOrder": "ZYX",
          "translation": [
            0,
            33.85370851002088,
            -5.163971046329152e-7
          ],
          "preRotation": [
            3.6781870412031186,
            0,
            0
          ],
          "parentMatrixWorld": {
            "elements": [
              0.9865592884933355,
              -0.007647788410865341,
              -0.1632246348000825,
              0,
              0.03831161517214547,
              0.9818864198211001,
              0.185556671733905,
              0,
              0.15884895409192692,
              -0.18931605746604113,
              0.9689821668507653,
              0,
              0,
              30.092202448931452,
              2.1351524104318287e-8,
              1
            ]
          }
        }
      },
      "children": [
        6,
        10
      ]
    },
    {
      "name": "mixamorigLeftShoulder"
    },
    {
      "name": "mixamorigLeftArm"
    },
    {
      "translation": [
        -1.93428931211308,
        6.61267223536052,
        3.676874667563908
      ],
      "name": "mixamorigLeftHandIndex4",
      "extras": {
        "transformData": {
          "eulerOrder": "ZYX",
          "translation": [
            -1.93428931211308,
            6.61267223536052,
            3.676874667563908
          ],
          "parentMatrixWorld": {
            "elements": [
              0.9861318995501249,
              -0.124415760815943,
              -0.10983895743134786,
              0,
              0.13533835806753522,
              0.9859096106501941,
              0.09831464746043617,
              0,
              0.09605939279736786,
              -0.11181663351342808,
              0.9890751410500858,
              0,
              -1.0077324308063638,
              9.703774924251576,
              6.876657414996828,
              1
            ]
          }
        }
      }
    },
    {
      "rotation": [
        0.05279002711176872,
        0.05172661319375038,
        -0.06525647640228271,
        0.9951277375221252
      ],
      "translation": [
        -1.0077324308063638,
        9.703774924251576,
        6.876657414996828
      ],
      "name": "mixamorigLeftHandIndex3",
      "extras": {
        "transformData": {
          "eulerOrder": "ZYX",
          "translation": [
            -1.0077324308063638,
            9.703774924251576,
            6.876657414996828
          ],
          "parentMatrixWorld": {
            "elements": [
              0.993182527747336,
              -0.11629697741313065,
              -0.007967409992093215,
              0,
              0.1085261372875005,
              0.9474383111591309,
              -0.3009696397867871,
              0,
              0.04255048886754323,
              0.29805311538801865,
              0.9536004384985514,
              0,
              -1.0799976735142991e-7,
              10.135387559551617,
              4.168673228832631e-8,
              1
            ]
          }
        }
      },
      "children": [
        14
      ]
    },
    {
      "rotation": [
        -0.15177596819791134,
        0.012799852667546819,
        -0.05696402283916698,
        0.986689069236735
      ],
      "translation": [
        -1.0799976735142991e-7,
        10.135387559551617,
        4.168673228832631e-8
      ],
      "name": "mixamorigLeftHandIndex2",
      "extras": {
        "transformData": {
          "eulerOrder": "ZYX",
          "translation": [
            -1.0799976735142991e-7,
            10.135387559551617,
            4.168673228832631e-8
          ],
          "preRotation": [
            -1.1927080246950792e-15,
            3.975693219117776e-16,
            1.5902772876471103e-15
          ],
          "parentMatrixWorld": {
            "elements": [
              0.9930123650157422,
              0.11021034605000965,
              0.042191500622536335,
              0,
              -0.11365325058641676,
              0.9893908235186955,
              0.09049164179330664,
              0,
              -0.03177076852053657,
              -0.09465452037195102,
              0.9950030855058701,
              0,
              -2.1940643080142763e-8,
              16.062904330434435,
              1.5990792689990485e-8,
              1
            ]
          }
        }
      },
      "children": [
        15
      ]
    },
    {
      "rotation": [
        0.046417819830256515,
        -0.01854301079303888,
        0.056124631338281994,
        0.9971717911478357
      ],
      "translation": [
        -2.1940643080142763e-8,
        16.062904330434435,
        1.5990792689990485e-8
      ],
      "scale": [
        0.9999999999999999,
        0.9999999999999999,
        1
      ],
      "name": "mixamorigLeftHandIndex1",
      "extras": {
        "transformData": {
          "eulerOrder": "ZYX",
          "translation": [
            -2.1940643080142763e-8,
            16.062904330434435,
            1.5990792689990485e-8
          ],
          "preRotation": [
            -6.265588844148484,
            1.1739386931835046e-7,
            -9.587962877038535
          ],
          "parentMatrixWorld": {
            "elements": [
              0.9585321631655738,
              0.04369576928535906,
              -0.2816145801243106,
              0,
              -0.10753366826758813,
              0.9705837303963556,
              -0.21541525560532837,
              0,
              0.2639177943620843,
              0.23676549982029335,
              0.9350344890023687,
              0,
              3.8173958216702886e-8,
              61.5374122884343,
              1.8493398101782077e-7,
              1
            ]
          }
        }
      },
      "children": [
        16
      ]
    },
    {
      "rotation": [
        -0.11501515526969622,
        0.13875975481782635,
        0.03846620412920713,
        0.9828721144733366
      ],
      "translation": [
        3.8173958216702886e-8,
        61.5374122884343,
        1.8493398101782077e-7
      ],
      "scale": [
        1,
        0.9999999999999999,
        1
      ],
      "name": "mixamorigLeftHand",
      "extras": {
        "transformData": {
          "eulerOrder": "ZYX",
          "translation": [
            3.8173958216702886e-8,
            61.5374122884343,
            1.8493398101782077e-7
          ],
          "preRotation": [
            -2.7751191333169687,
            -2.703122040395823e-7,
            -3.419631484118406
          ],
          "parentMatrixWorld": {
            "elements": [
              0.6445879806401661,
              0.7633193710941724,
              0.04301028490424552,
              0,
              -0.7645287584358955,
              0.6434587337892865,
              0.03816604712023876,
              0,
              0.0014575388898327366,
              -0.057483974642619146,
              0.9983453652389299,
              0,
              -3.908515999739848e-8,
              69.92677773329287,
              -1.215552316580215e-7,
              1
            ]
          }
        }
      },
      "children": [
        17
      ]
    },
    {
      "rotation": [
        0.02638125097464917,
        -0.011460670903033186,
        0.42139608766856074,
        0.906420452301257
      ],
      "translation": [
        -3.908515999739848e-8,
        69.92677773329287,
        -1.215552316580215e-7
      ],
      "name": "mixamorigLeftForeArm",
      "extras": {
        "transformData": {
          "eulerOrder": "ZYX",
          "translation": [
            -3.908515999739848e-8,
            69.92677773329287,
            -1.215552316580215e-7
          ],
          "preRotation": [
            -0.23046937932931882,
            -1.7309879352820654e-7,
            -0.00962296635723637
          ],
          "parentMatrixWorld": {
            "elements": [
              0.97061436493683,
              -0.029324186791868795,
              0.2388469119288676,
              0,
              -0.11808271400904008,
              0.8067944236677922,
              0.5789121134783412,
              0,
              -0.20967648394901106,
              -0.5901041048397274,
              0.7796235775743694,
              0,
              4.016247778793058e-9,
              18.31720395446345,
              3.202458742634917e-9,
              1
            ]
          }
        }
      },
      "children": [
        18
      ]
    },
    {
      "rotation": [
        0.30991787770902646,
        -0.11890803290420796,
        0.023530772244804037,
        0.9430048267622257
      ],
      "translation": [
        4.016247778793058e-9,
        18.31720395446345,
        3.202458742634917e-9
      ],
      "name": "mixamorigLeftArm",
      "extras": {
        "transformData": {
          "eulerOrder": "ZYX",
          "translation": [
            4.016247778793058e-9,
            18.31720395446345,
            3.202458742634917e-9
          ],
          "preRotation": [
            -22.097230476306823,
            -2.7581814289203986e-7,
            2.0562565200805927
          ],
          "parentMatrixWorld": {
            "elements": [
              -0.029773028024559167,
              0.030598425253004324,
              -0.9990882525854872,
              0,
              0.9229286305878274,
              -0.3829668560311314,
              -0.03923231725766479,
              0,
              -0.3838181117711402,
              -0.9232552021235324,
              -0.016838102336070634,
              0,
              8.904754638671875,
              31.574254027718766,
              -0.00936948447839736,
              1
            ]
          }
        }
      },
      "children": [
        13,
        19
      ]
    },
    {
      "rotation": [
        -0.5852418154794313,
        -0.4073218243384149,
        0.5907414370347699,
        -0.37763145997252195
      ],
      "translation": [
        8.904754638671875,
        31.574254027718766,
        -0.00936948447839736
      ],
      "scale": [
        1,
        0.9999999999999999,
        0.9999999999999999
      ],
      "name": "mixamorigLeftShoulder",
      "extras": {
        "transformData": {
          "eulerOrder": "ZYX",
          "translation": [
            8.904754638671875,
            31.574254027718766,
            -0.00936948447839736
          ],
          "preRotation": [
            -83.74164011201681,
            89.62663456437788,
            166.76213325897533
          ],
          "parentMatrixWorld": {
            "elements": [
              0.9865592884933355,
              -0.007647788410865341,
              -0.1632246348000825,
              0,
              0.03831161517214547,
              0.9818864198211001,
              0.185556671733905,
              0,
              0.15884895409192692,
              -0.18931605746604113,
              0.9689821668507653,
              0,
              0,
              30.092202448931452,
              2.1351524104318287e-8,
              1
            ]
          }
        }
      },
      "children": [
        12,
        20
      ]
    },
    {
      "name": "mixamorigRightShoulder"
    },
    {
      "name": "mixamorigRightArm"
    },
    {
      "rotation": [
        -2.775557561562892e-17,
        3.469446951953614e-18,
        -1.734723475976807e-18,
        1
      ],
      "translation": [
        2.9285622560626194,
        5.264447025084564,
        -5.2436138893841076
      ],
      "name": "mixamorigRightHandIndex4",
      "extras": {
        "transformData": {
          "eulerOrder": "ZYX",
          "translation": [
            2.9285622560626194,
            5.264447025084564,
            -5.2436138893841076
          ],
          "preRotation": [
            -3.1805546814635176e-15,
            3.975693351829396e-16,
            -1.987846675914698e-16
          ],
          "parentMatrixWorld": {
            "elements": [
              0.9678929068918751,
              0.2019925964065526,
              -0.14960719020956065,
              0,
              -0.1908159328804639,
              0.9778707108899131,
              0.08577967271511822,
              0,
              0.1636233483474116,
              -0.054478101004844626,
              0.985017530904465,
              0,
              1.6709625757498259,
              10.357257809583757,
              -8.855697519696065,
              1
            ]
          }
        }
      }
    },
    {
      "rotation": [
        0.03537182882428169,
        0.07899410277605057,
        0.09906300157308578,
        0.9913098812103271
      ],
      "translation": [
        1.6709625757498259,
        10.357257809583757,
        -8.855697519696065
      ],
      "name": "mixamorigRightHandIndex3",
      "extras": {
        "transformData": {
          "eulerOrder": "ZYX",
          "translation": [
            1.6709625757498259,
            10.357257809583757,
            -8.855697519696065
          ],
          "preRotation": [
            -3.1805546814635176e-15,
            3.975693351829396e-16,
            -1.987846675914698e-16
          ],
          "parentMatrixWorld": {
            "elements": [
              0.983933819620657,
              -0.17111689776703481,
              0.05092391670442081,
              0,
              0.09778532563313651,
              0.7551723977105277,
              0.6481918469782783,
              0,
              -0.14937291616874224,
              -0.6327982677732901,
              0.7597723837149998,
              0,
              1.1378048725418921e-8,
              10.831014653158121,
              -2.3429868178936886e-7,
              1
            ]
          }
        }
      },
      "children": [
        24
      ]
    },
    {
      "rotation": [
        0.3424138717236531,
        -0.05354015870090169,
        -0.0718786588352466,
        0.9352644712546854
      ],
      "translation": [
        1.1378048725418921e-8,
        10.831014653158121,
        -2.3429868178936886e-7
      ],
      "name": "mixamorigRightHandIndex2",
      "extras": {
        "transformData": {
          "eulerOrder": "ZYX",
          "translation": [
            1.1378048725418921e-8,
            10.831014653158121,
            -2.3429868178936886e-7
          ],
          "preRotation": [
            -3.1805547534250407e-15,
            3.9756932606078845e-16,
            -7.951386521215769e-16
          ],
          "parentMatrixWorld": {
            "elements": [
              -0.10238956753831419,
              -0.07425891600843967,
              0.9919687360936342,
              0,
              -0.029405552615158745,
              0.9969998514300394,
              0.07160034692001102,
              0,
              -0.9943096466741875,
              -0.0218382599334357,
              -0.10426600807712426,
              0,
              -5.8026643046105164e-8,
              15.084196834663004,
              -1.1110472541986383e-8,
              1
            ]
          }
        }
      },
      "children": [
        25
      ]
    },
    {
      "rotation": [
        0.03491628956794564,
        -0.7422357150941805,
        -0.01676087729767259,
        0.6690187302950612
      ],
      "translation": [
        -5.8026643046105164e-8,
        15.084196834663004,
        -1.1110472541986383e-8
      ],
      "scale": [
        1,
        1,
        0.9999999999999999
      ],
      "name": "mixamorigRightHandIndex1",
      "extras": {
        "transformData": {
          "eulerOrder": "ZYX",
          "translation": [
            -5.8026643046105164e-8,
            15.084196834663004,
            -1.1110472541986383e-8
          ],
          "preRotation": [
            -125.88362608986029,
            -82.6577351033462,
            179.9999990483756
          ],
          "parentMatrixWorld": {
            "elements": [
              0.9823220192191873,
              -0.17629956147795647,
              0.06294374487262197,
              0,
              0.157564817574653,
              0.9602299764724627,
              0.2305031890964728,
              0,
              -0.10107808198900396,
              -0.2165106384075809,
              0.971033657775869,
              0,
              4.0743731055670196e-8,
              61.53937047033493,
              -2.8664942419709405e-8,
              1
            ]
          }
        }
      },
      "children": [
        26
      ]
    },
    {
      "rotation": [
        0.11298051266795485,
        -0.041455697670544606,
        -0.084382554601379,
        0.9891392261995864
      ],
      "translation": [
        4.0743731055670196e-8,
        61.53937047033493,
        -2.8664942419709405e-8
      ],
      "scale": [
        0.9999999999999999,
        0.9999999999999999,
        1
      ],
      "name": "mixamorigRightHand",
      "extras": {
        "transformData": {
          "eulerOrder": "ZYX",
          "translation": [
            4.0743731055670196e-8,
            61.53937047033493,
            -2.8664942419709405e-8
          ],
          "preRotation": [
            2.62745421383698,
            3.5283479445590266e-7,
            -12.915854728678047
          ],
          "parentMatrixWorld": {
            "elements": [
              0.7453711952034052,
              -0.6387799773636238,
              -0.1907404472462131,
              0,
              0.6640136050848678,
              0.7368054288109787,
              0.12729370977741125,
              0,
              0.059225923028300285,
              -0.22153531728829842,
              0.9733521422650155,
              0,
              9.350180096845406e-8,
              69.94361058691757,
              7.104191013240779e-9,
              1
            ]
          }
        }
      },
      "children": [
        27
      ]
    },
    {
      "rotation": [
        0.09382646765093908,
        0.06723483349900898,
        -0.35041957645465227,
        0.9294526262127124
      ],
      "translation": [
        9.350180096845406e-8,
        69.94361058691757,
        7.104191013240779e-9
      ],
      "scale": [
        1,
        0.9999999999999999,
        0.9999999999999999
      ],
      "name": "mixamorigRightForeArm",
      "extras": {
        "transformData": {
          "eulerOrder": "ZYX",
          "translation": [
            9.350180096845406e-8,
            69.94361058691757,
            7.104191013240779e-9
          ],
          "preRotation": [
            -0.26772403809347456,
            -2.5581420585883277e-7,
            0.416895605551462
          ],
          "parentMatrixWorld": {
            "elements": [
              0.9023305497055881,
              0.4236743724445442,
              -0.07937004997370463,
              0,
              -0.31496209737965397,
              0.7737635255038496,
              0.5496261301644524,
              0,
              0.294276155869476,
              -0.4709458906064091,
              0.8316318365549034,
              0,
              2.8126656559379626e-10,
              18.317203954512543,
              3.471171794444672e-9,
              1
            ]
          }
        }
      },
      "children": [
        28
      ]
    },
    {
      "rotation": [
        0.2724587985580733,
        0.09975111433382353,
        0.19719137997480113,
        0.9364461949586586
      ],
      "translation": [
        2.8126656559379626e-10,
        18.317203954512543,
        3.471171794444672e-9
      ],
      "name": "mixamorigRightArm",
      "extras": {
        "transformData": {
          "eulerOrder": "ZYX",
          "translation": [
            2.8126656559379626e-10,
            18.317203954512543,
            3.471171794444672e-9
          ],
          "preRotation": [
            -21.909624773680495,
            -2.560076651885439e-7,
            -4.524123285043255
          ],
          "parentMatrixWorld": {
            "elements": [
              0.08409316833214464,
              -0.03603806196518494,
              0.9958059970081563,
              0,
              -0.9074301752135221,
              -0.41566509671743446,
              0.06158720395073386,
              0,
              0.41170232292224324,
              -0.9088034796744049,
              -0.06765661054969474,
              0,
              -8.904754638671875,
              31.591816865082095,
              -0.2825730259875163,
              1
            ]
          }
        }
      },
      "children": [
        23,
        29
      ]
    },
    {
      "rotation": [
        -0.6259822033411321,
        0.37679515174034406,
        -0.5621199422355506,
        -0.38754723315046047
      ],
      "translation": [
        -8.904754638671875,
        31.591816865082095,
        -0.2825730259875163
      ],
      "name": "mixamorigRightShoulder",
      "extras": {
        "transformData": {
          "eulerOrder": "ZYX",
          "translation": [
            -8.904754638671875,
            31.591816865082095,
            -0.2825730259875163
          ],
          "preRotation": [
            -73.24645309953834,
            -87.82698393480463,
            -177.3722674789295
          ],
          "parentMatrixWorld": {
            "elements": [
              0.9865592884933355,
              -0.007647788410865341,
              -0.1632246348000825,
              0,
              0.03831161517214547,
              0.9818864198211001,
              0.185556671733905,
              0,
              0.15884895409192692,
              -0.18931605746604113,
              0.9689821668507653,
              0,
              0,
              30.092202448931452,
              2.1351524104318287e-8,
              1
            ]
          }
        }
      },
      "children": [
        22,
        30
      ]
    },
    {
      "rotation": [
        0.0944599145424529,
        0.08115565981032874,
        -0.011580787282496003,
        0.9921476507144943
      ],
      "translation": [
        0,
        30.092202448931452,
        2.1351524104318287e-8
      ],
      "name": "mixamorigSpine2",
      "extras": {
        "transformData": {
          "eulerOrder": "ZYX",
          "translation": [
            0,
            30.092202448931452,
            2.1351524104318287e-8
          ],
          "preRotation": [
            -7.951386776683803e-16,
            0,
            0
          ],
          "parentMatrixWorld": {
            "elements": [
              0.9865592829791685,
              -0.007647816621169007,
              -0.1632246667876661,
              0,
              0.038311644357852115,
              0.9818864245783369,
              0.18555664051187884,
              0,
              0.158848981279746,
              -0.18931603163067343,
              0.9689821674338904,
              0,
              0,
              26.33066390620446,
              -3.084420807653032e-8,
              1
            ]
          }
        }
      },
      "children": [
        4,
        11,
        21,
        31
      ]
    },
    {
      "rotation": [
        0.09445990017851619,
        0.08115567473269797,
        -0.011580801746695143,
        0.9921476505747271
      ],
      "translation": [
        0,
        26.33066390620446,
        -3.084420807653032e-8
      ],
      "scale": [
        1,
        0.9999999999999999,
        0.9999999999999999
      ],
      "name": "mixamorigSpine1",
      "extras": {
        "transformData": {
          "eulerOrder": "ZYX",
          "translation": [
            0,
            26.33066390620446,
            -3.084420807653032e-8
          ],
          "preRotation": [
            -6.329285248762843e-7,
            0,
            0
          ],
          "parentMatrixWorld": {
            "elements": [
              0.9967427409156558,
              -0.007650241206660291,
              -0.08028313885304947,
              0,
              0.010072901980321826,
              0.9995046791759286,
              0.029814979000740344,
              0,
              0.08001528116749282,
              -0.030526548062296134,
              0.9963260936079159,
              0,
              0,
              22.522653579711914,
              -1.4478645324707031,
              1
            ]
          }
        }
      },
      "children": [
        32
      ]
    },
    {
      "rotation": [
        0.015099405052943382,
        0.04011185813558392,
        -0.00443490463063681,
        0.9990712688920462
      ],
      "translation": [
        0,
        22.522653579711914,
        -1.4478645324707031
      ],
      "name": "mixamorigSpine",
      "extras": {
        "transformData": {
          "eulerOrder": "ZYX",
          "translation": [
            0,
            22.522653579711914,
            -1.4478645324707031
          ],
          "preRotation": [
            -3.678186408274594,
            0,
            0
          ],
          "parentMatrixWorld": {
            "elements": [
              0.7322411494213837,
              -0.0023262629814687456,
              0.6810414776145959,
              0,
              0.05980361387686248,
              0.9963509275258087,
              -0.06089628130006497,
              0,
              -0.6784146471725077,
              0.08531950427335211,
              0.7297082673178463,
              0,
              1.9442418686963663,
              247.35592642471005,
              -2.6354505827695744,
              1
            ]
          }
        }
      },
      "children": [
        33
      ]
    },
    {
      "rotation": [
        1.8670856489293383e-11,
        6.798456344709128e-17,
        4.336808998408664e-19,
        1
      ],
      "translation": [
        3.6588012619631627e-9,
        14.660630554014663,
        -1.4621832633565646e-9
      ],
      "name": "mixamorigLeftToe_End",
      "extras": {
        "transformData": {
          "eulerOrder": "ZYX",
          "translation": [
            3.6588012619631627e-9,
            14.660630554014663,
            -1.4621832633565646e-9
          ],
          "preRotation": [
            2.139522553461912e-9,
            7.790457115114468e-15,
            4.9696170578089355e-17
          ],
          "parentMatrixWorld": {
            "elements": [
              0.9996036829192875,
              -0.019291469841855934,
              -0.02050161638540754,
              0,
              0.02793149147833612,
              0.5889105547382243,
              0.8077154070364952,
              0,
              -0.0035083994740172635,
              -0.8079679363512368,
              0.5892159989617097,
              0,
              -2.3796111747742543e-9,
              47.848617943942884,
              -4.083493934103899e-7,
              1
            ]
          }
        }
      }
    },
    {
      "rotation": [
        0.4531768775046211,
        0.004766362796385217,
        -0.013245388859882846,
        0.8913094553082404
      ],
      "translation": [
        -2.3796111747742543e-9,
        47.848617943942884,
        -4.083493934103899e-7
      ],
      "name": "mixamorigLeftToeBase",
      "extras": {
        "transformData": {
          "eulerOrder": "ZYX",
          "translation": [
            -2.3796111747742543e-9,
            47.848617943942884,
            -4.083493934103899e-7
          ],
          "preRotation": [
            51.5863130031617,
            -1.9994454399908401,
            -5.1815603911178555e-9
          ],
          "parentMatrixWorld": {
            "elements": [
              0.9974489673361483,
              -0.06676604014438187,
              -0.025255760465896896,
              0,
              0.0631682113124742,
              0.660784389335475,
              0.7479129407816671,
              0,
              -0.03324657324980396,
              -0.7476003516535673,
              0.6633161981136079,
              0,
              -2.7480623998599185e-8,
              101.96636720356264,
              3.4206060206543043e-10,
              1
            ]
          }
        }
      },
      "children": [
        35
      ]
    },
    {
      "rotation": [
        0.4102890383275751,
        -0.0021922525925705894,
        -0.03564702456722263,
        0.9112559395513362
      ],
      "translation": [
        -2.7480623998599185e-8,
        101.96636720356264,
        3.4206060206543043e-10
      ],
      "scale": [
        0.9999999999999999,
        1,
        0.9999999999999999
      ],
      "name": "mixamorigLeftFoot",
      "extras": {
        "transformData": {
          "eulerOrder": "ZYX",
          "translation": [
            -2.7480623998599185e-8,
            101.96636720356264,
            3.4206060206543043e-10
          ],
          "preRotation": [
            43.25322618912065,
            1.2698900760777985,
            -5.851346697313718e-8
          ],
          "parentMatrixWorld": {
            "elements": [
              0.9658907683059252,
              -0.1697873371415202,
              -0.19551799241234422,
              0,
              0.017714468369726274,
              0.7965972859053815,
              -0.6042507515081533,
              0,
              0.25834322677581406,
              0.580176725863923,
              0.7724336567069142,
              0,
              -4.6550223231633936e-8,
              112.48471417231923,
              -1.8880648244845588e-7,
              1
            ]
          }
        }
      },
      "children": [
        36
      ]
    },
    {
      "rotation": [
        -0.31498405741149405,
        0.1206988617309022,
        -0.04986382079124976,
        0.9400693856584181
      ],
      "translation": [
        -4.6550223231633936e-8,
        112.48471417231923,
        -1.8880648244845588e-7
      ],
      "scale": [
        0.9999999999999999,
        1,
        0.9999999999999999
      ],
      "name": "mixamorigLeftLeg",
      "extras": {
        "transformData": {
          "eulerOrder": "ZYX",
          "translation": [
            -4.6550223231633936e-8,
            112.48471417231923,
            -1.8880648244845588e-7
          ],
          "preRotation": [
            -3.5558123745155767,
            -7.417386746728089e-9,
            -2.347576020550144
          ],
          "parentMatrixWorld": {
            "elements": [
              -0.9635085071336872,
              -0.17742339710419983,
              0.2004304970315079,
              0,
              0.24130704396801297,
              -0.8998009840863955,
              0.3634957853544785,
              0,
              0.11585489420698343,
              0.398596554926225,
              0.9097793325814888,
              0,
              18.912151336669922,
              -12.51922607421875,
              3.187838554382324,
              1
            ]
          }
        }
      },
      "children": [
        37
      ]
    },
    {
      "rotation": [
        -0.08141428678558116,
        -0.19616841646006797,
        -0.9712220168171606,
        0.10778442874587393
      ],
      "translation": [
        18.912151336669922,
        -12.51922607421875,
        3.187838554382324
      ],
      "scale": [
        0.9999999999999999,
        0.9999999999999999,
        0.9999999999999999
      ],
      "name": "mixamorigLeftUpLeg",
      "extras": {
        "transformData": {
          "eulerOrder": "ZYX",
          "translation": [
            18.912151336669922,
            -12.51922607421875,
            3.187838554382324
          ],
          "preRotation": [
            -1.5844810802829732,
            0.11469935925192874,
            -175.8606798242876
          ],
          "parentMatrixWorld": {
            "elements": [
              0.7322411494213837,
              -0.0023262629814687456,
              0.6810414776145959,
              0,
              0.05980361387686248,
              0.9963509275258087,
              -0.06089628130006497,
              0,
              -0.6784146471725077,
              0.08531950427335211,
              0.7297082673178463,
              0,
              1.9442418686963663,
              247.35592642471005,
              -2.6354505827695744,
              1
            ]
          }
        }
      },
      "children": [
        38
      ]
    },
    {
      "rotation": [
        4.028074413975049e-11,
        -1.0408341121000407e-16,
        -8.673617558905188e-19,
        1
      ],
      "translation": [
        4.5206860477264854e-10,
        14.508959459146258,
        -4.542300757748308e-9
      ],
      "name": "mixamorigRightToe_End",
      "extras": {
        "transformData": {
          "eulerOrder": "ZYX",
          "translation": [
            4.5206860477264854e-10,
            14.508959459146258,
            -4.542300757748308e-9
          ],
          "preRotation": [
            4.615833269708054e-9,
            -1.1927080359311744e-14,
            -9.939233632759788e-17
          ],
          "parentMatrixWorld": {
            "elements": [
              0.9989740103588144,
              0.0011401105418170666,
              -0.045272803928847735,
              0,
